000000000000000011111111100000000000000000000000000
000000100000000010100000100001000000000000000000000
000000000000000011111111100000000010000000000000000
000000000000000111111111110000000000000100000000000
000100000000001111111111111000000000000000000000000
000000000000000110000000110001000101000000000000000
000000000000001000100010001000001111000000000000000
000000000000001000001000001000001100000000000000000
000001111111111111111111110000011000000100000000000
001000111111111111111110011100110000000000000000000
000000000000111110001000000011100000000000000000000
000000000001011100011100000001000000000000000000000
000000000011111000001000000001001000000000000000000
000010000111110000011100000011000000000010000000000
000000001101111000000000001100000000000000000000000
000001111000011111111111111100000000000000000000000
000000111001100000001000000011000000100000000000000
000001010110000000011100000000100000000000000000000
000000000100000000001000000000010000000000000000000
000000000100000000011100000000010000000000000000000
001000000100000000001000000000010000010000000000000
000000000100000000011100000000010000000000000000000
000000000010000000000000000000100000000000000000000
001111111111100000000000000011111111111110000000000
000000000000011110000000111100000000000000000000000
000000000000000001111111000000000000000000000000000
